12,70
12,69
12,68
12,67
12,66
12,65
12,64
12,11
12,7
12,6
12,2
12,1
12,0
11,4
11,3
11,2
11,1
11,0
10,2
10,1
10,0
9,5
9,4
9,3
9,2
9,1
9,0
8,2
8,1
8,0
7,2
7,1
7,0
6,2
6,1
6,0
5,5
5,4
5,3
5,2
5,1
5,0
4,2
4,1
4,0
3,6
3,5
3,4
3,3
3,2
3,1
3,0
2,3
2,2
2,1
2,0
1,3
1,2
1,1
1,0
0,9
0,310
0,305
0,308
0,304
0,303
0,302
0,307
0,12
0,10
0,8
14,1
14,13
14,12
14,11
14,10
14,9
14,8
14,7
14,6
14,5
14,4
14,3
14,2
14,0
13,5
13,4
13,3
12,77
12,10
12,5
12,4
12,3
10,8
10,7
10,6
10,5
10,4
10,3
8,4
8,3
7,5
7,4
7,3
6,5
6,4
6,3
4,5
4,4
4,3
0,408
0,322
0,243
0,0
0,1
0,434
0,300
0,433
0,299
0,432
0,298
0,431
0,297
0,430
0,296
0,429
0,295
0,428
0,294
0,427
0,293
0,426
0,292
0,425
0,291
0,424
0,290
0,423
0,289
0,422
0,288
0,421
0,287
0,420
0,286
0,419
0,285
0,418
0,284
0,417
0,283
0,416
0,282
0,415
0,281
0,414
0,280
0,413
0,279
0,412
0,278
0,411
0,277
0,410
0,276
0,409
0,275
0,407
12,71
12,72
12,74
12,75
12,78
12,79
12,81
12,83
12,84
12,86
12,87
12,89
12,91
12,92
12,94
12,95
12,97
12,98
12,100
12,102
12,103
12,105
12,106
12,108
12,110
12,111
12,113
12,114
12,116
12,117
12,119
12,121
12,122
12,124
12,125
12,127
12,129
12,130
13,1
13,2
13,0
12,128
12,126
12,123
12,120
12,118
12,115
12,112
12,109
12,107
12,104
12,101
12,99
12,96
12,93
12,90
12,88
12,85
12,82
12,80
12,76
12,73
0,274
0,406
0,273
0,405
0,272
0,404
0,271
0,403
0,270
0,402
0,269
0,401
0,268
0,400
0,267
0,399
0,266
0,398
0,265
0,397
0,264
0,396
0,263
0,395
0,262
0,394
0,261
0,393
0,260
0,392
0,259
0,391
0,258
0,390
0,257
0,389
0,256
0,388
0,255
0,387
0,254
0,386
0,253
0,385
0,252
0,384
0,251
0,383
0,250
0,382
0,249
0,381
0,248
0,380
0,247
0,379
0,246
0,378
0,245
0,377
0,244
0,376
0,242
0,375
0,241
0,374
0,240
0,373
0,239
0,372
0,238
0,371
0,237
0,370
0,236
0,369
0,235
0,368
0,234
0,367
0,233
0,366
0,232
0,365
0,231
0,364
0,230
0,363
0,229
0,362
0,228
0,361
0,227
0,360
0,226
0,359
0,225
0,358
0,224
0,357
0,223
0,356
0,222
0,355
0,221
0,354
0,220
0,353
0,219
0,352
0,218
0,351
0,217
0,350
0,216
0,349
0,215
0,348
0,214
0,347
0,213
0,346
0,212
0,345
0,211
0,344
0,210
0,343
0,209
0,342
0,208
0,341
0,207
0,340
0,206
0,339
0,205
0,204
0,337
0,203
0,336
0,202
0,335
0,201
0,334
0,200
0,333
0,199
0,332
0,198
0,331
0,197
0,330
0,196
0,329
0,195
0,328
0,194
0,327
0,193
0,326
0,192
0,437
0,63
0,436
0,62
0,435
0,61
0,325
0,60
0,324
0,59
0,318
0,58
0,306
0,57
0,315
0,56
0,444
0,55
0,313
0,54
0,317
0,53
0,441
0,52
0,316
0,51
0,314
0,50
0,312
0,49
0,442
0,48
0,447
0,47
0,309
0,46
0,311
0,45
0,301
0,6
0,5
0,11
0,4
0,2
0,3
0,7
